Czêstotliwoœæ wyst¹pieñ poszczególnych liczb (%):
1: 16,00%
2: 18,50%
3: 16,60%
4: 16,10%
5: 15,30%
6: 16,80%
7: 17,20%
8: 16,30%
9: 16,30%
10: 16,20%
11: 16,10%
12: 18,00%
13: 16,20%
14: 15,10%
15: 14,50%
16: 16,70%
17: 14,90%
18: 15,20%
19: 17,60%
20: 14,70%
21: 15,30%
22: 17,50%
23: 15,30%
24: 16,10%
25: 15,60%
26: 15,60%
27: 17,10%
28: 18,00%
29: 14,70%
30: 16,70%
31: 17,50%
32: 16,50%
33: 17,60%
34: 17,10%
35: 17,60%
36: 16,50%
37: 16,80%
38: 15,10%
39: 17,30%
40: 16,00%
41: 14,40%
42: 15,80%
43: 15,60%

Wykaz poszczególnych losowañ:
Losowanie 1: [6, 14, 16, 30, 35, 36, 38]
Losowanie 2: [10, 12, 13, 14, 27, 29, 38]
Losowanie 3: [7, 13, 15, 22, 37, 38, 42]
Losowanie 4: [4, 15, 20, 24, 27, 30, 32]
Losowanie 5: [2, 13, 14, 27, 38, 40, 41]
Losowanie 6: [4, 6, 12, 14, 16, 25, 35]
Losowanie 7: [2, 4, 17, 27, 28, 35, 37]
Losowanie 8: [6, 7, 15, 21, 26, 39, 40]
Losowanie 9: [1, 4, 7, 11, 24, 31, 34]
Losowanie 10: [4, 9, 10, 22, 29, 38, 41]
Losowanie 11: [12, 21, 23, 24, 26, 36, 37]
Losowanie 12: [1, 3, 8, 13, 30, 37, 42]
Losowanie 13: [2, 6, 12, 21, 26, 27, 38]
Losowanie 14: [7, 15, 18, 19, 34, 40, 42]
Losowanie 15: [10, 13, 17, 27, 29, 40, 43]
Losowanie 16: [5, 12, 17, 19, 23, 40, 43]
Losowanie 17: [7, 8, 16, 22, 31, 32, 34]
Losowanie 18: [4, 6, 12, 16, 21, 38, 39]
Losowanie 19: [3, 12, 16, 26, 29, 41, 42]
Losowanie 20: [6, 18, 19, 22, 28, 33, 40]
Losowanie 21: [6, 7, 9, 13, 21, 30, 35]
Losowanie 22: [11, 14, 15, 16, 27, 37, 42]
Losowanie 23: [7, 8, 11, 13, 23, 25, 32]
Losowanie 24: [2, 7, 8, 11, 22, 23, 25]
Losowanie 25: [1, 6, 14, 15, 19, 29, 33]
Losowanie 26: [1, 8, 11, 26, 32, 35, 42]
Losowanie 27: [4, 10, 21, 25, 28, 31, 43]
Losowanie 28: [7, 8, 10, 13, 17, 32, 40]
Losowanie 29: [2, 14, 22, 23, 30, 33, 34]
Losowanie 30: [2, 11, 19, 20, 28, 42, 43]
Losowanie 31: [6, 8, 10, 17, 26, 27, 30]
Losowanie 32: [10, 25, 27, 29, 34, 35, 42]
Losowanie 33: [4, 26, 29, 30, 31, 40, 43]
Losowanie 34: [10, 14, 20, 26, 34, 37, 42]
Losowanie 35: [14, 17, 31, 32, 35, 36, 39]
Losowanie 36: [3, 5, 13, 16, 17, 22, 43]
Losowanie 37: [8, 10, 11, 13, 14, 19, 26]
Losowanie 38: [10, 13, 16, 17, 18, 21, 22]
Losowanie 39: [4, 9, 11, 25, 39, 41, 42]
Losowanie 40: [6, 12, 18, 26, 32, 36, 39]
Losowanie 41: [3, 4, 10, 12, 15, 24, 26]
Losowanie 42: [4, 8, 14, 19, 28, 33, 36]
Losowanie 43: [3, 8, 13, 15, 18, 19, 28]
Losowanie 44: [2, 13, 14, 20, 29, 36, 39]
Losowanie 45: [9, 13, 24, 31, 39, 40, 42]
Losowanie 46: [9, 15, 18, 24, 32, 36, 38]
Losowanie 47: [1, 8, 16, 18, 34, 37, 40]
Losowanie 48: [6, 10, 16, 21, 22, 25, 27]
Losowanie 49: [2, 12, 22, 23, 29, 31, 35]
Losowanie 50: [15, 31, 34, 39, 40, 42, 43]
Losowanie 51: [2, 3, 4, 9, 11, 14, 23]
Losowanie 52: [6, 8, 9, 23, 30, 37, 42]
Losowanie 53: [6, 10, 11, 15, 34, 35, 43]
Losowanie 54: [8, 9, 20, 21, 23, 42, 43]
Losowanie 55: [1, 4, 6, 13, 32, 35, 41]
Losowanie 56: [2, 5, 8, 19, 20, 30, 31]
Losowanie 57: [8, 10, 11, 12, 21, 27, 33]
Losowanie 58: [2, 3, 7, 10, 16, 18, 22]
Losowanie 59: [3, 17, 19, 23, 30, 37, 38]
Losowanie 60: [4, 18, 27, 35, 36, 37, 40]
Losowanie 61: [11, 13, 23, 32, 36, 39, 40]
Losowanie 62: [4, 11, 19, 22, 27, 30, 31]
Losowanie 63: [12, 17, 18, 34, 38, 42, 43]
Losowanie 64: [2, 5, 17, 20, 21, 26, 43]
Losowanie 65: [21, 24, 27, 30, 34, 35, 43]
Losowanie 66: [9, 12, 24, 25, 31, 32, 37]
Losowanie 67: [13, 19, 33, 35, 36, 38, 40]
Losowanie 68: [7, 12, 13, 18, 19, 33, 42]
Losowanie 69: [2, 10, 13, 18, 27, 31, 40]
Losowanie 70: [6, 13, 18, 22, 26, 29, 30]
Losowanie 71: [8, 15, 17, 33, 36, 40, 41]
Losowanie 72: [1, 21, 22, 28, 29, 30, 40]
Losowanie 73: [1, 5, 6, 10, 25, 28, 31]
Losowanie 74: [9, 10, 14, 27, 30, 40, 42]
Losowanie 75: [10, 13, 20, 24, 32, 40, 41]
Losowanie 76: [19, 20, 23, 28, 32, 33, 37]
Losowanie 77: [7, 10, 13, 17, 18, 35, 42]
Losowanie 78: [19, 22, 25, 30, 33, 34, 39]
Losowanie 79: [2, 11, 16, 17, 22, 25, 43]
Losowanie 80: [1, 13, 20, 21, 30, 35, 36]
Losowanie 81: [5, 6, 20, 21, 28, 30, 31]
Losowanie 82: [1, 2, 11, 12, 16, 27, 31]
Losowanie 83: [4, 5, 8, 18, 20, 32, 39]
Losowanie 84: [4, 6, 14, 15, 19, 27, 28]
Losowanie 85: [4, 10, 18, 24, 26, 29, 35]
Losowanie 86: [1, 5, 10, 12, 26, 33, 39]
Losowanie 87: [2, 7, 14, 16, 23, 40, 41]
Losowanie 88: [3, 17, 24, 26, 34, 35, 36]
Losowanie 89: [1, 9, 11, 14, 16, 30, 39]
Losowanie 90: [1, 6, 12, 13, 22, 28, 43]
Losowanie 91: [10, 14, 22, 27, 32, 37, 43]
Losowanie 92: [4, 7, 17, 18, 34, 37, 40]
Losowanie 93: [2, 6, 15, 17, 39, 41, 43]
Losowanie 94: [6, 8, 17, 24, 30, 35, 37]
Losowanie 95: [20, 23, 25, 32, 34, 38, 39]
Losowanie 96: [8, 13, 32, 38, 39, 40, 41]
Losowanie 97: [13, 21, 29, 32, 33, 38, 40]
Losowanie 98: [5, 15, 19, 33, 35, 37, 39]
Losowanie 99: [3, 6, 9, 10, 14, 31, 33]
Losowanie 100: [2, 5, 17, 23, 29, 35, 40]
Losowanie 101: [5, 7, 8, 22, 34, 39, 41]
Losowanie 102: [5, 6, 9, 26, 37, 40, 41]
Losowanie 103: [4, 5, 14, 17, 22, 25, 37]
Losowanie 104: [8, 12, 20, 21, 22, 28, 40]
Losowanie 105: [1, 10, 11, 16, 21, 22, 32]
Losowanie 106: [3, 5, 18, 21, 26, 37, 43]
Losowanie 107: [1, 8, 13, 35, 39, 40, 41]
Losowanie 108: [21, 28, 31, 32, 37, 38, 40]
Losowanie 109: [4, 8, 20, 26, 34, 37, 39]
Losowanie 110: [4, 15, 17, 23, 28, 33, 37]
Losowanie 111: [8, 10, 26, 28, 30, 31, 34]
Losowanie 112: [4, 5, 16, 17, 26, 34, 38]
Losowanie 113: [3, 7, 11, 15, 25, 29, 40]
Losowanie 114: [6, 19, 20, 25, 38, 40, 43]
Losowanie 115: [5, 18, 19, 20, 22, 30, 34]
Losowanie 116: [2, 9, 18, 22, 25, 30, 33]
Losowanie 117: [7, 19, 23, 25, 27, 34, 35]
Losowanie 118: [1, 6, 7, 20, 27, 36, 43]
Losowanie 119: [9, 11, 20, 22, 26, 28, 29]
Losowanie 120: [2, 3, 7, 12, 17, 20, 40]
Losowanie 121: [1, 12, 16, 19, 21, 33, 40]
Losowanie 122: [16, 19, 27, 28, 33, 36, 42]
Losowanie 123: [11, 13, 20, 24, 27, 30, 32]
Losowanie 124: [6, 12, 16, 17, 29, 37, 42]
Losowanie 125: [3, 14, 17, 31, 32, 39, 42]
Losowanie 126: [7, 9, 11, 12, 28, 30, 38]
Losowanie 127: [6, 14, 18, 19, 24, 30, 37]
Losowanie 128: [1, 14, 15, 22, 25, 37, 40]
Losowanie 129: [1, 5, 10, 20, 28, 39, 41]
Losowanie 130: [2, 7, 13, 18, 19, 23, 41]
Losowanie 131: [2, 11, 15, 28, 37, 38, 43]
Losowanie 132: [2, 6, 12, 14, 19, 22, 37]
Losowanie 133: [4, 5, 15, 20, 31, 33, 43]
Losowanie 134: [7, 10, 22, 26, 33, 37, 39]
Losowanie 135: [4, 17, 23, 29, 32, 36, 43]
Losowanie 136: [2, 8, 12, 17, 19, 32, 38]
Losowanie 137: [1, 3, 4, 8, 15, 16, 19]
Losowanie 138: [2, 5, 13, 24, 25, 34, 38]
Losowanie 139: [10, 16, 22, 27, 29, 31, 39]
Losowanie 140: [1, 5, 7, 8, 9, 24, 32]
Losowanie 141: [6, 10, 23, 25, 31, 33, 37]
Losowanie 142: [7, 18, 21, 31, 36, 39, 42]
Losowanie 143: [14, 17, 20, 34, 41, 42, 43]
Losowanie 144: [6, 12, 20, 25, 30, 36, 38]
Losowanie 145: [7, 9, 13, 17, 18, 23, 34]
Losowanie 146: [13, 16, 17, 30, 31, 32, 38]
Losowanie 147: [4, 13, 17, 23, 33, 35, 42]
Losowanie 148: [3, 5, 8, 16, 23, 36, 38]
Losowanie 149: [6, 12, 24, 28, 33, 37, 40]
Losowanie 150: [3, 15, 25, 28, 29, 32, 36]
Losowanie 151: [4, 10, 20, 28, 30, 31, 38]
Losowanie 152: [12, 13, 15, 21, 23, 29, 34]
Losowanie 153: [2, 7, 11, 17, 26, 30, 38]
Losowanie 154: [6, 12, 18, 19, 20, 23, 28]
Losowanie 155: [4, 24, 29, 33, 35, 41, 43]
Losowanie 156: [9, 11, 23, 28, 34, 36, 41]
Losowanie 157: [3, 12, 13, 24, 31, 33, 35]
Losowanie 158: [9, 16, 17, 20, 21, 28, 32]
Losowanie 159: [2, 10, 11, 24, 32, 33, 39]
Losowanie 160: [1, 13, 21, 28, 29, 31, 38]
Losowanie 161: [5, 7, 8, 16, 21, 26, 35]
Losowanie 162: [10, 14, 15, 27, 30, 34, 37]
Losowanie 163: [7, 20, 27, 30, 33, 34, 38]
Losowanie 164: [6, 8, 9, 20, 24, 25, 34]
Losowanie 165: [3, 9, 11, 17, 21, 25, 32]
Losowanie 166: [1, 12, 17, 20, 25, 27, 40]
Losowanie 167: [6, 9, 11, 26, 31, 33, 36]
Losowanie 168: [4, 8, 17, 25, 32, 35, 36]
Losowanie 169: [4, 20, 24, 26, 33, 35, 37]
Losowanie 170: [5, 7, 14, 16, 25, 29, 36]
Losowanie 171: [4, 9, 10, 12, 15, 17, 26]
Losowanie 172: [9, 14, 19, 29, 32, 34, 39]
Losowanie 173: [10, 14, 18, 26, 28, 32, 36]
Losowanie 174: [7, 8, 14, 15, 25, 40, 41]
Losowanie 175: [1, 2, 11, 15, 23, 25, 31]
Losowanie 176: [1, 2, 10, 15, 18, 26, 31]
Losowanie 177: [1, 4, 11, 13, 21, 33, 37]
Losowanie 178: [1, 3, 4, 26, 30, 36, 42]
Losowanie 179: [7, 14, 16, 23, 25, 35, 41]
Losowanie 180: [1, 12, 19, 20, 24, 31, 35]
Losowanie 181: [5, 6, 9, 18, 21, 34, 43]
Losowanie 182: [7, 12, 15, 26, 32, 33, 39]
Losowanie 183: [10, 14, 17, 21, 25, 36, 43]
Losowanie 184: [3, 9, 20, 24, 32, 33, 37]
Losowanie 185: [7, 13, 19, 21, 22, 27, 34]
Losowanie 186: [8, 9, 25, 28, 38, 39, 43]
Losowanie 187: [1, 6, 13, 16, 22, 36, 42]
Losowanie 188: [12, 13, 15, 17, 28, 30, 37]
Losowanie 189: [1, 19, 28, 31, 34, 41, 43]
Losowanie 190: [9, 22, 27, 35, 37, 40, 41]
Losowanie 191: [6, 10, 14, 18, 20, 30, 43]
Losowanie 192: [2, 6, 12, 16, 20, 22, 42]
Losowanie 193: [1, 6, 14, 28, 33, 42, 43]
Losowanie 194: [26, 27, 32, 35, 36, 38, 39]
Losowanie 195: [2, 17, 20, 23, 28, 29, 34]
Losowanie 196: [2, 5, 6, 24, 34, 38, 42]
Losowanie 197: [2, 3, 9, 12, 14, 21, 23]
Losowanie 198: [1, 4, 16, 25, 26, 34, 40]
Losowanie 199: [1, 4, 9, 14, 26, 35, 42]
Losowanie 200: [4, 8, 11, 18, 28, 36, 42]
Losowanie 201: [9, 13, 20, 26, 36, 38, 43]
Losowanie 202: [7, 8, 11, 28, 29, 31, 42]
Losowanie 203: [1, 9, 12, 27, 29, 41, 42]
Losowanie 204: [2, 3, 9, 26, 27, 29, 34]
Losowanie 205: [1, 3, 8, 15, 26, 37, 40]
Losowanie 206: [4, 9, 15, 22, 26, 27, 42]
Losowanie 207: [10, 12, 13, 33, 35, 36, 39]
Losowanie 208: [5, 8, 12, 23, 28, 29, 32]
Losowanie 209: [10, 11, 13, 17, 19, 33, 42]
Losowanie 210: [3, 22, 26, 32, 33, 37, 40]
Losowanie 211: [4, 8, 11, 21, 27, 34, 37]
Losowanie 212: [1, 9, 15, 32, 37, 38, 40]
Losowanie 213: [9, 11, 17, 18, 19, 29, 33]
Losowanie 214: [3, 14, 19, 21, 30, 41, 43]
Losowanie 215: [6, 9, 10, 13, 17, 24, 27]
Losowanie 216: [2, 14, 15, 18, 22, 23, 43]
Losowanie 217: [5, 9, 16, 17, 19, 29, 34]
Losowanie 218: [1, 3, 4, 7, 17, 20, 21]
Losowanie 219: [4, 5, 8, 9, 11, 28, 41]
Losowanie 220: [5, 12, 19, 24, 27, 33, 36]
Losowanie 221: [11, 12, 15, 20, 24, 30, 36]
Losowanie 222: [4, 9, 25, 26, 34, 41, 42]
Losowanie 223: [10, 13, 16, 17, 33, 39, 42]
Losowanie 224: [8, 12, 21, 30, 35, 36, 40]
Losowanie 225: [3, 8, 10, 24, 28, 36, 43]
Losowanie 226: [1, 2, 13, 22, 27, 28, 39]
Losowanie 227: [2, 5, 10, 19, 33, 39, 43]
Losowanie 228: [1, 5, 7, 9, 16, 26, 32]
Losowanie 229: [3, 16, 24, 27, 31, 34, 39]
Losowanie 230: [3, 4, 5, 6, 16, 19, 22]
Losowanie 231: [7, 22, 24, 28, 34, 38, 39]
Losowanie 232: [3, 19, 21, 26, 29, 33, 35]
Losowanie 233: [1, 6, 7, 14, 37, 38, 43]
Losowanie 234: [2, 5, 9, 11, 16, 31, 43]
Losowanie 235: [5, 7, 13, 22, 24, 36, 43]
Losowanie 236: [5, 11, 20, 28, 35, 39, 40]
Losowanie 237: [3, 12, 16, 17, 19, 20, 26]
Losowanie 238: [4, 7, 13, 20, 24, 26, 30]
Losowanie 239: [4, 23, 25, 28, 33, 35, 38]
Losowanie 240: [7, 16, 23, 24, 36, 38, 39]
Losowanie 241: [6, 10, 11, 13, 19, 25, 34]
Losowanie 242: [1, 6, 18, 26, 28, 33, 36]
Losowanie 243: [7, 12, 20, 30, 32, 34, 37]
Losowanie 244: [14, 16, 18, 20, 30, 34, 42]
Losowanie 245: [3, 9, 13, 18, 39, 42, 43]
Losowanie 246: [4, 10, 14, 29, 32, 35, 38]
Losowanie 247: [1, 5, 6, 27, 29, 30, 34]
Losowanie 248: [4, 12, 13, 29, 33, 35, 40]
Losowanie 249: [5, 14, 29, 30, 40, 41, 43]
Losowanie 250: [2, 3, 6, 16, 23, 27, 39]
Losowanie 251: [16, 19, 24, 26, 30, 40, 41]
Losowanie 252: [2, 12, 19, 24, 30, 34, 40]
Losowanie 253: [3, 9, 20, 21, 23, 28, 37]
Losowanie 254: [3, 5, 14, 15, 18, 19, 35]
Losowanie 255: [2, 6, 10, 24, 40, 41, 42]
Losowanie 256: [2, 3, 22, 23, 24, 32, 39]
Losowanie 257: [12, 13, 17, 37, 39, 42, 43]
Losowanie 258: [6, 16, 17, 26, 31, 35, 39]
Losowanie 259: [2, 14, 20, 32, 35, 41, 42]
Losowanie 260: [6, 9, 13, 15, 21, 25, 35]
Losowanie 261: [1, 9, 11, 13, 17, 24, 35]
Losowanie 262: [10, 11, 12, 15, 24, 27, 43]
Losowanie 263: [1, 4, 12, 17, 18, 40, 41]
Losowanie 264: [7, 8, 10, 20, 29, 33, 37]
Losowanie 265: [3, 4, 7, 10, 19, 25, 32]
Losowanie 266: [11, 12, 14, 23, 26, 30, 35]
Losowanie 267: [2, 4, 8, 11, 16, 23, 32]
Losowanie 268: [18, 27, 29, 32, 34, 36, 37]
Losowanie 269: [1, 8, 15, 16, 18, 22, 23]
Losowanie 270: [2, 13, 15, 24, 32, 35, 39]
Losowanie 271: [5, 9, 11, 12, 31, 34, 39]
Losowanie 272: [2, 11, 14, 15, 19, 20, 39]
Losowanie 273: [1, 6, 9, 19, 20, 22, 34]
Losowanie 274: [3, 10, 15, 16, 22, 26, 35]
Losowanie 275: [1, 5, 19, 20, 26, 33, 34]
Losowanie 276: [1, 15, 22, 24, 34, 38, 41]
Losowanie 277: [6, 9, 27, 28, 36, 38, 41]
Losowanie 278: [8, 19, 25, 28, 32, 35, 39]
Losowanie 279: [6, 8, 9, 15, 26, 35, 42]
Losowanie 280: [1, 5, 7, 10, 15, 27, 34]
Losowanie 281: [4, 6, 22, 25, 26, 29, 32]
Losowanie 282: [1, 10, 11, 18, 22, 33, 40]
Losowanie 283: [2, 6, 16, 23, 28, 35, 36]
Losowanie 284: [3, 16, 19, 26, 32, 33, 34]
Losowanie 285: [1, 3, 8, 10, 18, 25, 39]
Losowanie 286: [3, 8, 13, 18, 30, 31, 41]
Losowanie 287: [8, 10, 18, 25, 28, 29, 30]
Losowanie 288: [2, 3, 6, 11, 13, 19, 24]
Losowanie 289: [6, 8, 14, 17, 23, 25, 33]
Losowanie 290: [16, 22, 27, 31, 34, 35, 36]
Losowanie 291: [7, 11, 17, 18, 24, 27, 43]
Losowanie 292: [2, 12, 16, 18, 21, 26, 39]
Losowanie 293: [3, 5, 11, 19, 29, 30, 39]
Losowanie 294: [5, 7, 10, 16, 19, 34, 39]
Losowanie 295: [6, 16, 20, 27, 28, 38, 42]
Losowanie 296: [2, 5, 6, 7, 10, 32, 39]
Losowanie 297: [3, 7, 15, 18, 25, 27, 37]
Losowanie 298: [3, 4, 19, 27, 29, 32, 39]
Losowanie 299: [1, 13, 20, 25, 28, 31, 37]
Losowanie 300: [11, 16, 28, 30, 33, 35, 42]
Losowanie 301: [1, 4, 5, 6, 12, 16, 33]
Losowanie 302: [10, 19, 23, 27, 38, 39, 40]
Losowanie 303: [9, 14, 19, 25, 30, 32, 39]
Losowanie 304: [5, 6, 8, 28, 32, 41, 43]
Losowanie 305: [9, 16, 20, 26, 32, 39, 40]
Losowanie 306: [7, 8, 16, 23, 29, 32, 37]
Losowanie 307: [2, 5, 10, 11, 14, 30, 37]
Losowanie 308: [7, 11, 13, 27, 34, 36, 40]
Losowanie 309: [1, 3, 4, 7, 24, 40, 42]
Losowanie 310: [2, 3, 9, 13, 14, 24, 41]
Losowanie 311: [4, 6, 13, 19, 27, 35, 43]
Losowanie 312: [1, 3, 18, 35, 39, 41, 43]
Losowanie 313: [4, 18, 23, 27, 30, 31, 37]
Losowanie 314: [10, 21, 26, 29, 37, 38, 42]
Losowanie 315: [4, 14, 21, 22, 33, 41, 43]
Losowanie 316: [3, 16, 18, 19, 20, 22, 42]
Losowanie 317: [2, 5, 22, 25, 27, 37, 42]
Losowanie 318: [3, 4, 12, 24, 32, 35, 39]
Losowanie 319: [2, 5, 23, 26, 28, 30, 31]
Losowanie 320: [2, 21, 30, 37, 39, 40, 42]
Losowanie 321: [3, 8, 11, 16, 19, 20, 36]
Losowanie 322: [1, 5, 6, 31, 40, 42, 43]
Losowanie 323: [3, 9, 22, 29, 37, 39, 41]
Losowanie 324: [2, 3, 8, 9, 18, 19, 28]
Losowanie 325: [6, 13, 19, 21, 23, 34, 36]
Losowanie 326: [2, 7, 10, 11, 16, 25, 27]
Losowanie 327: [3, 26, 30, 31, 33, 34, 40]
Losowanie 328: [13, 23, 25, 29, 32, 33, 37]
Losowanie 329: [3, 4, 14, 18, 20, 31, 40]
Losowanie 330: [8, 23, 32, 39, 40, 41, 42]
Losowanie 331: [16, 20, 24, 25, 32, 37, 41]
Losowanie 332: [13, 18, 23, 24, 25, 29, 36]
Losowanie 333: [6, 8, 23, 27, 32, 33, 43]
Losowanie 334: [3, 10, 11, 18, 22, 37, 41]
Losowanie 335: [1, 2, 25, 27, 35, 39, 43]
Losowanie 336: [4, 5, 8, 9, 17, 19, 35]
Losowanie 337: [19, 23, 27, 30, 32, 33, 41]
Losowanie 338: [9, 12, 14, 24, 26, 27, 37]
Losowanie 339: [1, 3, 4, 18, 21, 27, 41]
Losowanie 340: [3, 4, 16, 32, 35, 39, 42]
Losowanie 341: [6, 7, 11, 24, 29, 42, 43]
Losowanie 342: [5, 6, 33, 34, 36, 38, 41]
Losowanie 343: [4, 8, 15, 33, 35, 37, 39]
Losowanie 344: [4, 6, 7, 13, 18, 22, 37]
Losowanie 345: [2, 6, 14, 27, 34, 36, 40]
Losowanie 346: [4, 6, 12, 21, 28, 38, 42]
Losowanie 347: [2, 3, 8, 21, 22, 34, 39]
Losowanie 348: [13, 14, 15, 20, 34, 38, 39]
Losowanie 349: [2, 4, 12, 14, 38, 39, 41]
Losowanie 350: [1, 8, 11, 13, 22, 30, 37]
Losowanie 351: [2, 6, 7, 12, 22, 30, 38]
Losowanie 352: [2, 7, 15, 18, 32, 33, 43]
Losowanie 353: [6, 10, 19, 20, 32, 33, 40]
Losowanie 354: [4, 11, 16, 24, 32, 37, 41]
Losowanie 355: [2, 16, 20, 21, 26, 29, 40]
Losowanie 356: [5, 7, 8, 9, 17, 35, 41]
Losowanie 357: [9, 11, 25, 31, 36, 38, 40]
Losowanie 358: [1, 6, 15, 23, 27, 31, 36]
Losowanie 359: [6, 24, 32, 34, 36, 39, 43]
Losowanie 360: [13, 16, 19, 20, 27, 36, 38]
Losowanie 361: [1, 9, 19, 25, 30, 31, 41]
Losowanie 362: [1, 3, 11, 19, 29, 33, 38]
Losowanie 363: [3, 8, 15, 24, 30, 31, 38]
Losowanie 364: [2, 17, 21, 26, 29, 38, 41]
Losowanie 365: [2, 18, 22, 36, 39, 40, 41]
Losowanie 366: [8, 10, 12, 13, 18, 24, 25]
Losowanie 367: [1, 12, 26, 29, 33, 34, 36]
Losowanie 368: [1, 8, 24, 28, 33, 39, 40]
Losowanie 369: [10, 16, 22, 26, 33, 38, 40]
Losowanie 370: [9, 14, 19, 28, 29, 30, 31]
Losowanie 371: [4, 9, 20, 33, 35, 37, 42]
Losowanie 372: [5, 11, 12, 25, 32, 35, 37]
Losowanie 373: [5, 18, 23, 28, 33, 36, 40]
Losowanie 374: [4, 15, 28, 31, 33, 37, 41]
Losowanie 375: [1, 3, 4, 17, 30, 39, 41]
Losowanie 376: [2, 8, 10, 24, 26, 33, 43]
Losowanie 377: [21, 24, 25, 28, 35, 36, 38]
Losowanie 378: [1, 26, 29, 36, 40, 41, 43]
Losowanie 379: [10, 12, 22, 29, 39, 41, 42]
Losowanie 380: [1, 4, 8, 9, 22, 29, 36]
Losowanie 381: [8, 9, 28, 29, 33, 40, 42]
Losowanie 382: [15, 18, 25, 31, 34, 39, 42]
Losowanie 383: [15, 23, 25, 27, 32, 37, 43]
Losowanie 384: [3, 4, 5, 18, 22, 24, 31]
Losowanie 385: [2, 20, 21, 25, 28, 30, 33]
Losowanie 386: [9, 16, 30, 31, 36, 41, 43]
Losowanie 387: [10, 13, 16, 17, 25, 35, 38]
Losowanie 388: [5, 18, 27, 28, 34, 39, 40]
Losowanie 389: [4, 20, 21, 23, 25, 35, 36]
Losowanie 390: [3, 11, 12, 14, 16, 31, 37]
Losowanie 391: [12, 16, 19, 27, 31, 40, 41]
Losowanie 392: [11, 12, 17, 22, 25, 28, 29]
Losowanie 393: [9, 18, 24, 28, 30, 33, 43]
Losowanie 394: [4, 8, 9, 12, 22, 31, 43]
Losowanie 395: [2, 10, 11, 14, 19, 30, 34]
Losowanie 396: [7, 12, 19, 22, 28, 30, 33]
Losowanie 397: [1, 24, 33, 35, 39, 41, 42]
Losowanie 398: [7, 8, 22, 25, 28, 34, 41]
Losowanie 399: [13, 22, 23, 24, 39, 40, 43]
Losowanie 400: [2, 7, 9, 10, 17, 21, 28]
Losowanie 401: [3, 4, 30, 32, 35, 36, 42]
Losowanie 402: [3, 11, 16, 20, 32, 36, 41]
Losowanie 403: [10, 20, 25, 30, 34, 36, 41]
Losowanie 404: [2, 6, 8, 9, 26, 32, 33]
Losowanie 405: [13, 14, 21, 26, 27, 38, 42]
Losowanie 406: [8, 10, 19, 22, 27, 33, 40]
Losowanie 407: [3, 11, 15, 17, 22, 25, 36]
Losowanie 408: [7, 11, 19, 31, 36, 40, 42]
Losowanie 409: [1, 13, 21, 30, 35, 36, 40]
Losowanie 410: [6, 23, 26, 29, 35, 41, 43]
Losowanie 411: [1, 2, 6, 10, 13, 29, 39]
Losowanie 412: [3, 6, 7, 10, 29, 41, 43]
Losowanie 413: [1, 15, 16, 19, 33, 37, 41]
Losowanie 414: [19, 20, 22, 24, 39, 40, 42]
Losowanie 415: [8, 14, 22, 29, 31, 38, 41]
Losowanie 416: [7, 9, 10, 19, 22, 24, 30]
Losowanie 417: [3, 4, 5, 9, 22, 26, 39]
Losowanie 418: [2, 7, 12, 27, 30, 36, 41]
Losowanie 419: [2, 12, 21, 24, 28, 34, 42]
Losowanie 420: [6, 7, 21, 22, 31, 33, 43]
Losowanie 421: [2, 11, 12, 20, 39, 41, 43]
Losowanie 422: [12, 15, 25, 29, 34, 35, 42]
Losowanie 423: [9, 12, 18, 19, 21, 27, 35]
Losowanie 424: [2, 5, 13, 18, 19, 23, 39]
Losowanie 425: [1, 2, 9, 15, 25, 29, 31]
Losowanie 426: [5, 10, 23, 27, 28, 34, 43]
Losowanie 427: [9, 19, 25, 27, 28, 38, 42]
Losowanie 428: [4, 6, 10, 31, 33, 34, 36]
Losowanie 429: [8, 10, 15, 31, 34, 37, 41]
Losowanie 430: [9, 25, 28, 29, 33, 39, 41]
Losowanie 431: [2, 4, 10, 11, 12, 23, 32]
Losowanie 432: [2, 3, 13, 18, 21, 25, 33]
Losowanie 433: [8, 16, 18, 30, 32, 38, 39]
Losowanie 434: [2, 9, 10, 18, 19, 26, 40]
Losowanie 435: [1, 2, 8, 21, 23, 30, 41]
Losowanie 436: [2, 5, 12, 16, 20, 28, 39]
Losowanie 437: [2, 8, 23, 26, 27, 31, 39]
Losowanie 438: [3, 18, 24, 25, 37, 40, 43]
Losowanie 439: [10, 14, 15, 30, 37, 41, 43]
Losowanie 440: [4, 12, 14, 15, 19, 25, 37]
Losowanie 441: [2, 9, 11, 17, 21, 28, 39]
Losowanie 442: [2, 6, 12, 22, 36, 39, 43]
Losowanie 443: [1, 4, 22, 23, 24, 28, 40]
Losowanie 444: [7, 19, 21, 29, 36, 37, 38]
Losowanie 445: [10, 14, 22, 25, 27, 28, 37]
Losowanie 446: [6, 17, 23, 27, 28, 41, 42]
Losowanie 447: [4, 8, 15, 16, 21, 22, 39]
Losowanie 448: [1, 19, 22, 23, 25, 32, 35]
Losowanie 449: [8, 10, 24, 30, 35, 37, 41]
Losowanie 450: [7, 10, 12, 15, 22, 30, 38]
Losowanie 451: [3, 7, 13, 23, 28, 29, 38]
Losowanie 452: [11, 21, 26, 28, 32, 42, 43]
Losowanie 453: [9, 10, 11, 13, 24, 36, 40]
Losowanie 454: [7, 8, 11, 17, 27, 31, 40]
Losowanie 455: [4, 5, 12, 16, 24, 26, 28]
Losowanie 456: [4, 7, 20, 34, 38, 40, 42]
Losowanie 457: [9, 16, 17, 18, 23, 29, 37]
Losowanie 458: [7, 10, 22, 33, 34, 36, 41]
Losowanie 459: [8, 21, 22, 25, 31, 32, 34]
Losowanie 460: [7, 11, 16, 23, 27, 35, 37]
Losowanie 461: [4, 7, 10, 13, 15, 27, 28]
Losowanie 462: [2, 8, 14, 20, 21, 31, 41]
Losowanie 463: [7, 18, 21, 27, 31, 39, 41]
Losowanie 464: [4, 7, 9, 17, 22, 38, 41]
Losowanie 465: [7, 11, 14, 27, 29, 37, 41]
Losowanie 466: [3, 9, 11, 20, 23, 29, 41]
Losowanie 467: [5, 15, 16, 32, 35, 36, 37]
Losowanie 468: [1, 2, 6, 9, 11, 14, 26]
Losowanie 469: [2, 14, 21, 22, 27, 42, 43]
Losowanie 470: [1, 2, 25, 27, 32, 33, 35]
Losowanie 471: [2, 3, 7, 8, 11, 13, 42]
Losowanie 472: [3, 8, 19, 23, 26, 30, 43]
Losowanie 473: [6, 17, 24, 30, 33, 36, 40]
Losowanie 474: [6, 8, 18, 30, 32, 34, 35]
Losowanie 475: [1, 9, 24, 25, 31, 34, 36]
Losowanie 476: [5, 14, 15, 18, 19, 20, 43]
Losowanie 477: [5, 9, 14, 23, 27, 34, 41]
Losowanie 478: [4, 5, 8, 9, 24, 31, 33]
Losowanie 479: [2, 25, 26, 31, 34, 38, 43]
Losowanie 480: [8, 16, 27, 29, 32, 34, 42]
Losowanie 481: [7, 9, 12, 17, 22, 31, 37]
Losowanie 482: [12, 15, 26, 30, 32, 40, 43]
Losowanie 483: [10, 20, 27, 28, 37, 41, 43]
Losowanie 484: [1, 10, 13, 14, 17, 20, 24]
Losowanie 485: [7, 8, 15, 17, 22, 30, 41]
Losowanie 486: [2, 7, 9, 12, 16, 29, 36]
Losowanie 487: [4, 5, 23, 25, 32, 36, 38]
Losowanie 488: [1, 7, 11, 13, 19, 24, 41]
Losowanie 489: [2, 10, 16, 20, 30, 34, 35]
Losowanie 490: [3, 6, 12, 17, 18, 22, 40]
Losowanie 491: [3, 13, 24, 29, 35, 37, 40]
Losowanie 492: [5, 12, 24, 29, 32, 33, 39]
Losowanie 493: [8, 13, 19, 30, 39, 42, 43]
Losowanie 494: [12, 24, 27, 29, 34, 37, 43]
Losowanie 495: [5, 10, 15, 16, 23, 24, 28]
Losowanie 496: [3, 7, 17, 20, 27, 32, 37]
Losowanie 497: [3, 8, 12, 16, 19, 21, 35]
Losowanie 498: [2, 7, 9, 11, 12, 40, 42]
Losowanie 499: [1, 5, 10, 21, 22, 29, 42]
Losowanie 500: [1, 15, 19, 20, 24, 34, 38]
Losowanie 501: [3, 16, 18, 28, 30, 32, 37]
Losowanie 502: [5, 9, 12, 13, 32, 41, 42]
Losowanie 503: [2, 5, 6, 17, 26, 31, 33]
Losowanie 504: [1, 3, 11, 15, 28, 31, 37]
Losowanie 505: [4, 13, 17, 18, 21, 23, 27]
Losowanie 506: [4, 11, 15, 17, 22, 28, 36]
Losowanie 507: [2, 8, 23, 28, 35, 37, 42]
Losowanie 508: [19, 27, 30, 31, 32, 39, 43]
Losowanie 509: [3, 14, 22, 27, 28, 31, 32]
Losowanie 510: [8, 10, 21, 29, 31, 40, 42]
Losowanie 511: [2, 3, 13, 16, 27, 33, 39]
Losowanie 512: [2, 10, 16, 17, 18, 19, 33]
Losowanie 513: [3, 7, 8, 28, 29, 30, 43]
Losowanie 514: [10, 15, 16, 26, 28, 29, 35]
Losowanie 515: [2, 4, 7, 12, 23, 27, 43]
Losowanie 516: [1, 6, 7, 9, 14, 37, 43]
Losowanie 517: [6, 7, 12, 20, 22, 41, 43]
Losowanie 518: [3, 10, 19, 20, 24, 28, 29]
Losowanie 519: [3, 7, 11, 12, 19, 28, 36]
Losowanie 520: [2, 4, 28, 31, 32, 35, 37]
Losowanie 521: [2, 3, 6, 19, 31, 38, 39]
Losowanie 522: [2, 6, 7, 20, 34, 39, 40]
Losowanie 523: [1, 4, 12, 14, 23, 31, 42]
Losowanie 524: [1, 3, 12, 22, 28, 36, 38]
Losowanie 525: [12, 16, 18, 30, 33, 34, 36]
Losowanie 526: [3, 4, 26, 36, 38, 39, 42]
Losowanie 527: [6, 13, 26, 29, 31, 34, 36]
Losowanie 528: [5, 12, 13, 20, 26, 36, 38]
Losowanie 529: [5, 7, 9, 17, 21, 23, 33]
Losowanie 530: [3, 5, 8, 27, 34, 35, 36]
Losowanie 531: [6, 8, 13, 21, 30, 33, 40]
Losowanie 532: [11, 15, 18, 33, 35, 39, 42]
Losowanie 533: [6, 12, 22, 27, 31, 37, 38]
Losowanie 534: [4, 5, 13, 24, 25, 30, 34]
Losowanie 535: [14, 18, 19, 23, 24, 25, 39]
Losowanie 536: [6, 7, 9, 10, 29, 38, 42]
Losowanie 537: [3, 9, 17, 19, 20, 25, 26]
Losowanie 538: [5, 6, 10, 12, 15, 26, 27]
Losowanie 539: [4, 17, 18, 20, 33, 40, 43]
Losowanie 540: [4, 7, 9, 12, 19, 23, 28]
Losowanie 541: [2, 5, 11, 18, 31, 35, 36]
Losowanie 542: [3, 5, 12, 16, 19, 41, 43]
Losowanie 543: [1, 11, 16, 24, 26, 36, 39]
Losowanie 544: [4, 11, 16, 17, 27, 28, 43]
Losowanie 545: [5, 23, 24, 25, 27, 31, 34]
Losowanie 546: [1, 12, 16, 19, 32, 36, 42]
Losowanie 547: [5, 8, 10, 13, 16, 19, 27]
Losowanie 548: [3, 13, 21, 24, 31, 35, 41]
Losowanie 549: [7, 11, 22, 27, 36, 40, 42]
Losowanie 550: [6, 7, 8, 10, 11, 23, 41]
Losowanie 551: [5, 9, 18, 21, 22, 27, 40]
Losowanie 552: [3, 13, 15, 16, 19, 27, 42]
Losowanie 553: [9, 17, 30, 31, 33, 34, 39]
Losowanie 554: [22, 30, 31, 33, 38, 41, 42]
Losowanie 555: [13, 14, 17, 29, 30, 33, 35]
Losowanie 556: [21, 28, 30, 32, 33, 34, 42]
Losowanie 557: [13, 19, 27, 28, 33, 37, 38]
Losowanie 558: [1, 13, 21, 22, 34, 39, 40]
Losowanie 559: [2, 16, 27, 31, 33, 40, 42]
Losowanie 560: [16, 19, 24, 26, 33, 37, 40]
Losowanie 561: [11, 16, 20, 24, 26, 36, 43]
Losowanie 562: [9, 13, 16, 27, 33, 37, 39]
Losowanie 563: [12, 21, 25, 27, 33, 35, 37]
Losowanie 564: [4, 13, 20, 26, 39, 41, 43]
Losowanie 565: [2, 8, 14, 24, 25, 30, 42]
Losowanie 566: [2, 5, 26, 28, 29, 38, 39]
Losowanie 567: [3, 6, 7, 18, 22, 39, 41]
Losowanie 568: [5, 8, 27, 32, 34, 38, 41]
Losowanie 569: [1, 6, 24, 30, 32, 34, 36]
Losowanie 570: [8, 19, 26, 31, 35, 37, 39]
Losowanie 571: [7, 18, 19, 21, 22, 38, 39]
Losowanie 572: [3, 5, 8, 13, 17, 26, 42]
Losowanie 573: [1, 2, 7, 16, 18, 24, 35]
Losowanie 574: [1, 2, 3, 11, 14, 37, 39]
Losowanie 575: [4, 8, 21, 29, 36, 39, 40]
Losowanie 576: [2, 7, 8, 17, 18, 19, 24]
Losowanie 577: [1, 13, 17, 20, 27, 39, 43]
Losowanie 578: [5, 8, 17, 21, 24, 29, 41]
Losowanie 579: [16, 20, 22, 27, 34, 37, 39]
Losowanie 580: [9, 11, 14, 17, 25, 27, 33]
Losowanie 581: [4, 6, 9, 21, 33, 36, 39]
Losowanie 582: [5, 7, 9, 27, 28, 31, 32]
Losowanie 583: [2, 7, 22, 23, 25, 30, 39]
Losowanie 584: [1, 3, 5, 9, 15, 25, 34]
Losowanie 585: [12, 13, 18, 28, 32, 36, 37]
Losowanie 586: [4, 5, 12, 34, 38, 39, 42]
Losowanie 587: [3, 4, 14, 17, 25, 30, 36]
Losowanie 588: [2, 7, 11, 20, 22, 30, 34]
Losowanie 589: [11, 13, 14, 26, 27, 33, 36]
Losowanie 590: [3, 6, 19, 29, 31, 37, 41]
Losowanie 591: [1, 3, 11, 14, 25, 34, 39]
Losowanie 592: [1, 15, 18, 22, 30, 33, 40]
Losowanie 593: [15, 17, 22, 27, 28, 30, 32]
Losowanie 594: [9, 18, 21, 25, 35, 37, 41]
Losowanie 595: [1, 18, 19, 27, 30, 36, 38]
Losowanie 596: [6, 9, 10, 13, 21, 26, 28]
Losowanie 597: [5, 8, 17, 21, 25, 30, 41]
Losowanie 598: [3, 6, 10, 20, 25, 32, 38]
Losowanie 599: [18, 21, 23, 27, 35, 38, 40]
Losowanie 600: [4, 19, 20, 24, 26, 35, 40]
Losowanie 601: [1, 12, 14, 21, 30, 32, 34]
Losowanie 602: [1, 8, 20, 23, 26, 27, 38]
Losowanie 603: [3, 10, 21, 27, 28, 29, 35]
Losowanie 604: [1, 7, 14, 19, 21, 29, 40]
Losowanie 605: [2, 3, 7, 24, 28, 33, 37]
Losowanie 606: [5, 10, 13, 19, 22, 24, 29]
Losowanie 607: [9, 10, 12, 18, 25, 28, 29]
Losowanie 608: [13, 19, 25, 28, 35, 40, 43]
Losowanie 609: [1, 2, 5, 31, 36, 37, 39]
Losowanie 610: [3, 5, 7, 10, 15, 20, 32]
Losowanie 611: [5, 14, 15, 16, 30, 32, 36]
Losowanie 612: [6, 9, 13, 17, 19, 24, 29]
Losowanie 613: [4, 18, 23, 35, 36, 40, 41]
Losowanie 614: [4, 14, 23, 29, 30, 38, 42]
Losowanie 615: [12, 16, 22, 24, 30, 34, 39]
Losowanie 616: [4, 19, 23, 25, 26, 27, 38]
Losowanie 617: [2, 11, 15, 22, 31, 38, 39]
Losowanie 618: [1, 6, 11, 21, 28, 39, 43]
Losowanie 619: [2, 5, 8, 22, 28, 35, 41]
Losowanie 620: [4, 16, 26, 27, 35, 38, 43]
Losowanie 621: [4, 11, 13, 22, 34, 35, 42]
Losowanie 622: [1, 9, 11, 22, 24, 28, 36]
Losowanie 623: [6, 13, 18, 20, 34, 35, 39]
Losowanie 624: [7, 12, 18, 22, 31, 39, 42]
Losowanie 625: [8, 22, 26, 29, 37, 39, 43]
Losowanie 626: [2, 11, 12, 14, 31, 32, 42]
Losowanie 627: [11, 12, 15, 16, 24, 28, 34]
Losowanie 628: [6, 15, 21, 24, 31, 37, 38]
Losowanie 629: [2, 6, 8, 23, 29, 35, 36]
Losowanie 630: [6, 13, 19, 28, 29, 31, 40]
Losowanie 631: [6, 13, 28, 35, 36, 38, 41]
Losowanie 632: [5, 6, 10, 11, 14, 30, 42]
Losowanie 633: [1, 8, 15, 22, 31, 32, 39]
Losowanie 634: [5, 8, 10, 14, 28, 35, 38]
Losowanie 635: [4, 7, 13, 17, 30, 37, 39]
Losowanie 636: [5, 6, 9, 18, 23, 31, 34]
Losowanie 637: [1, 11, 12, 16, 21, 33, 38]
Losowanie 638: [6, 7, 10, 13, 30, 40, 41]
Losowanie 639: [3, 13, 14, 19, 21, 40, 43]
Losowanie 640: [9, 15, 16, 27, 33, 35, 39]
Losowanie 641: [18, 20, 22, 26, 33, 37, 39]
Losowanie 642: [4, 10, 11, 15, 19, 24, 40]
Losowanie 643: [2, 9, 15, 17, 23, 24, 41]
Losowanie 644: [2, 8, 20, 23, 27, 28, 41]
Losowanie 645: [5, 9, 12, 17, 19, 26, 27]
Losowanie 646: [5, 6, 11, 22, 39, 41, 42]
Losowanie 647: [7, 9, 11, 20, 32, 37, 43]
Losowanie 648: [1, 11, 19, 20, 28, 31, 42]
Losowanie 649: [1, 6, 12, 26, 29, 35, 40]
Losowanie 650: [4, 5, 10, 11, 19, 26, 39]
Losowanie 651: [6, 13, 30, 31, 33, 35, 37]
Losowanie 652: [5, 10, 14, 15, 16, 31, 43]
Losowanie 653: [1, 11, 17, 20, 21, 28, 32]
Losowanie 654: [5, 12, 16, 21, 23, 38, 39]
Losowanie 655: [10, 12, 13, 24, 25, 35, 43]
Losowanie 656: [1, 6, 9, 10, 25, 28, 32]
Losowanie 657: [1, 2, 9, 11, 16, 18, 35]
Losowanie 658: [7, 9, 13, 28, 31, 32, 41]
Losowanie 659: [1, 14, 24, 26, 33, 34, 35]
Losowanie 660: [11, 12, 17, 25, 26, 32, 33]
Losowanie 661: [6, 7, 12, 13, 30, 31, 38]
Losowanie 662: [6, 16, 19, 28, 32, 36, 41]
Losowanie 663: [1, 12, 14, 24, 27, 28, 29]
Losowanie 664: [9, 17, 24, 25, 33, 35, 41]
Losowanie 665: [4, 10, 15, 17, 25, 35, 43]
Losowanie 666: [12, 16, 19, 21, 29, 35, 36]
Losowanie 667: [5, 7, 14, 16, 23, 27, 43]
Losowanie 668: [4, 5, 8, 9, 20, 31, 36]
Losowanie 669: [2, 4, 5, 7, 20, 27, 34]
Losowanie 670: [3, 4, 8, 12, 16, 29, 43]
Losowanie 671: [2, 6, 22, 25, 36, 38, 39]
Losowanie 672: [5, 11, 17, 22, 23, 33, 40]
Losowanie 673: [3, 9, 20, 21, 24, 34, 41]
Losowanie 674: [6, 9, 19, 30, 31, 34, 39]
Losowanie 675: [22, 23, 24, 31, 34, 35, 43]
Losowanie 676: [4, 7, 10, 18, 19, 25, 33]
Losowanie 677: [16, 21, 23, 25, 34, 40, 43]
Losowanie 678: [2, 3, 5, 8, 10, 13, 43]
Losowanie 679: [14, 24, 30, 33, 34, 35, 40]
Losowanie 680: [1, 11, 22, 23, 32, 35, 37]
Losowanie 681: [8, 9, 21, 22, 28, 32, 33]
Losowanie 682: [9, 13, 20, 31, 33, 36, 43]
Losowanie 683: [4, 8, 16, 28, 29, 34, 39]
Losowanie 684: [4, 8, 16, 21, 31, 33, 40]
Losowanie 685: [9, 23, 31, 33, 34, 38, 42]
Losowanie 686: [4, 16, 24, 36, 38, 40, 41]
Losowanie 687: [6, 8, 23, 27, 28, 30, 34]
Losowanie 688: [9, 12, 13, 17, 28, 41, 43]
Losowanie 689: [4, 5, 8, 18, 24, 32, 42]
Losowanie 690: [5, 8, 11, 14, 31, 37, 41]
Losowanie 691: [11, 17, 19, 24, 26, 34, 42]
Losowanie 692: [14, 18, 21, 25, 28, 35, 36]
Losowanie 693: [11, 17, 23, 24, 25, 35, 42]
Losowanie 694: [1, 17, 23, 24, 26, 35, 43]
Losowanie 695: [15, 25, 27, 29, 31, 39, 41]
Losowanie 696: [1, 22, 30, 32, 33, 35, 39]
Losowanie 697: [10, 12, 17, 22, 25, 36, 39]
Losowanie 698: [2, 7, 13, 18, 21, 28, 34]
Losowanie 699: [5, 13, 20, 25, 27, 32, 43]
Losowanie 700: [2, 21, 26, 30, 31, 34, 43]
Losowanie 701: [5, 20, 23, 25, 28, 29, 39]
Losowanie 702: [3, 11, 22, 29, 31, 36, 40]
Losowanie 703: [4, 8, 15, 23, 27, 28, 42]
Losowanie 704: [3, 8, 9, 26, 35, 36, 40]
Losowanie 705: [2, 3, 17, 27, 34, 38, 41]
Losowanie 706: [2, 3, 12, 16, 27, 29, 34]
Losowanie 707: [13, 15, 29, 32, 34, 35, 36]
Losowanie 708: [1, 2, 12, 20, 36, 38, 43]
Losowanie 709: [3, 6, 14, 24, 25, 28, 38]
Losowanie 710: [1, 10, 11, 17, 20, 23, 39]
Losowanie 711: [3, 7, 11, 13, 25, 26, 34]
Losowanie 712: [3, 7, 10, 18, 23, 31, 37]
Losowanie 713: [5, 10, 14, 16, 18, 19, 23]
Losowanie 714: [9, 10, 12, 13, 24, 34, 40]
Losowanie 715: [9, 17, 32, 33, 35, 37, 43]
Losowanie 716: [7, 9, 16, 20, 23, 26, 40]
Losowanie 717: [6, 18, 22, 25, 26, 38, 42]
Losowanie 718: [8, 18, 21, 23, 31, 34, 37]
Losowanie 719: [16, 17, 19, 23, 24, 32, 33]
Losowanie 720: [3, 9, 13, 17, 20, 24, 32]
Losowanie 721: [12, 13, 16, 23, 35, 37, 38]
Losowanie 722: [6, 9, 13, 15, 29, 37, 42]
Losowanie 723: [8, 13, 14, 15, 30, 33, 37]
Losowanie 724: [4, 8, 10, 12, 27, 35, 37]
Losowanie 725: [1, 2, 4, 7, 21, 26, 42]
Losowanie 726: [3, 9, 10, 15, 19, 24, 32]
Losowanie 727: [6, 14, 16, 17, 24, 34, 35]
Losowanie 728: [14, 16, 26, 29, 33, 36, 38]
Losowanie 729: [7, 8, 14, 21, 30, 31, 37]
Losowanie 730: [2, 5, 11, 15, 22, 30, 43]
Losowanie 731: [8, 11, 17, 19, 28, 37, 42]
Losowanie 732: [3, 18, 21, 27, 31, 32, 34]
Losowanie 733: [4, 6, 9, 12, 23, 37, 40]
Losowanie 734: [5, 7, 31, 35, 37, 41, 42]
Losowanie 735: [12, 15, 17, 18, 20, 21, 40]
Losowanie 736: [5, 9, 17, 24, 27, 33, 40]
Losowanie 737: [3, 12, 14, 17, 18, 33, 35]
Losowanie 738: [1, 3, 7, 9, 16, 21, 42]
Losowanie 739: [13, 16, 23, 24, 31, 32, 42]
Losowanie 740: [11, 18, 23, 33, 34, 37, 38]
Losowanie 741: [1, 2, 6, 8, 17, 28, 42]
Losowanie 742: [2, 3, 7, 10, 18, 19, 23]
Losowanie 743: [16, 19, 25, 26, 32, 38, 40]
Losowanie 744: [3, 8, 18, 20, 21, 31, 39]
Losowanie 745: [5, 8, 15, 22, 25, 30, 39]
Losowanie 746: [2, 17, 28, 31, 37, 38, 40]
Losowanie 747: [14, 15, 19, 20, 28, 40, 43]
Losowanie 748: [16, 19, 27, 30, 31, 32, 39]
Losowanie 749: [3, 5, 10, 19, 23, 28, 33]
Losowanie 750: [4, 7, 8, 25, 31, 32, 39]
Losowanie 751: [11, 12, 19, 24, 26, 33, 43]
Losowanie 752: [2, 6, 8, 21, 22, 32, 39]
Losowanie 753: [2, 7, 21, 23, 28, 32, 40]
Losowanie 754: [3, 11, 14, 21, 27, 32, 36]
Losowanie 755: [4, 5, 7, 14, 15, 28, 33]
Losowanie 756: [7, 12, 14, 17, 25, 34, 35]
Losowanie 757: [2, 5, 12, 16, 28, 33, 37]
Losowanie 758: [2, 3, 20, 31, 32, 35, 36]
Losowanie 759: [2, 5, 13, 19, 26, 36, 37]
Losowanie 760: [3, 15, 18, 28, 33, 34, 40]
Losowanie 761: [1, 7, 9, 30, 31, 40, 42]
Losowanie 762: [12, 17, 27, 30, 35, 42, 43]
Losowanie 763: [7, 9, 16, 17, 31, 33, 34]
Losowanie 764: [10, 14, 23, 25, 28, 32, 41]
Losowanie 765: [7, 16, 21, 29, 34, 35, 42]
Losowanie 766: [8, 11, 18, 25, 29, 30, 42]
Losowanie 767: [2, 15, 17, 23, 24, 26, 32]
Losowanie 768: [11, 14, 18, 20, 24, 30, 40]
Losowanie 769: [4, 16, 19, 27, 30, 33, 42]
Losowanie 770: [3, 20, 21, 25, 26, 35, 41]
Losowanie 771: [2, 15, 18, 27, 30, 35, 37]
Losowanie 772: [9, 10, 17, 18, 22, 26, 34]
Losowanie 773: [2, 7, 20, 27, 28, 31, 38]
Losowanie 774: [2, 7, 28, 29, 35, 38, 42]
Losowanie 775: [1, 17, 26, 32, 36, 39, 43]
Losowanie 776: [8, 11, 13, 15, 18, 33, 41]
Losowanie 777: [12, 14, 15, 18, 20, 34, 38]
Losowanie 778: [1, 8, 11, 15, 22, 35, 43]
Losowanie 779: [23, 33, 35, 36, 38, 41, 42]
Losowanie 780: [7, 12, 26, 31, 32, 33, 40]
Losowanie 781: [6, 10, 13, 23, 31, 40, 41]
Losowanie 782: [3, 11, 24, 26, 30, 34, 43]
Losowanie 783: [8, 16, 22, 31, 32, 33, 34]
Losowanie 784: [7, 14, 15, 30, 32, 33, 36]
Losowanie 785: [3, 9, 10, 32, 33, 36, 42]
Losowanie 786: [1, 3, 17, 22, 27, 37, 41]
Losowanie 787: [6, 10, 13, 20, 21, 41, 42]
Losowanie 788: [1, 10, 22, 25, 27, 33, 42]
Losowanie 789: [1, 5, 6, 14, 15, 38, 40]
Losowanie 790: [7, 8, 10, 24, 27, 31, 40]
Losowanie 791: [4, 15, 19, 22, 32, 35, 37]
Losowanie 792: [2, 7, 8, 33, 35, 38, 42]
Losowanie 793: [14, 19, 21, 24, 28, 34, 35]
Losowanie 794: [1, 6, 26, 31, 35, 36, 37]
Losowanie 795: [4, 5, 9, 21, 25, 38, 42]
Losowanie 796: [2, 8, 23, 24, 26, 32, 38]
Losowanie 797: [8, 11, 16, 29, 31, 37, 39]
Losowanie 798: [10, 12, 21, 32, 34, 41, 43]
Losowanie 799: [7, 12, 14, 36, 39, 41, 43]
Losowanie 800: [7, 12, 19, 21, 26, 28, 32]
Losowanie 801: [5, 15, 24, 31, 34, 36, 43]
Losowanie 802: [3, 6, 7, 10, 19, 30, 35]
Losowanie 803: [1, 14, 16, 17, 31, 34, 36]
Losowanie 804: [3, 4, 8, 10, 12, 27, 28]
Losowanie 805: [14, 17, 21, 27, 28, 38, 43]
Losowanie 806: [4, 7, 9, 17, 24, 25, 27]
Losowanie 807: [2, 10, 18, 21, 29, 39, 42]
Losowanie 808: [1, 6, 14, 16, 22, 36, 43]
Losowanie 809: [9, 15, 22, 30, 35, 36, 37]
Losowanie 810: [2, 6, 8, 12, 20, 38, 42]
Losowanie 811: [14, 15, 19, 20, 22, 25, 35]
Losowanie 812: [1, 4, 11, 18, 21, 32, 34]
Losowanie 813: [9, 14, 20, 21, 23, 34, 38]
Losowanie 814: [4, 22, 28, 31, 36, 38, 43]
Losowanie 815: [1, 5, 7, 11, 21, 37, 43]
Losowanie 816: [18, 25, 26, 29, 37, 39, 42]
Losowanie 817: [8, 19, 22, 24, 27, 33, 35]
Losowanie 818: [2, 8, 10, 12, 16, 19, 25]
Losowanie 819: [10, 12, 20, 25, 38, 40, 43]
Losowanie 820: [3, 6, 12, 37, 39, 40, 42]
Losowanie 821: [30, 32, 35, 36, 37, 40, 42]
Losowanie 822: [1, 5, 12, 14, 26, 27, 39]
Losowanie 823: [3, 5, 10, 13, 24, 25, 28]
Losowanie 824: [1, 18, 19, 33, 34, 35, 37]
Losowanie 825: [7, 15, 18, 33, 37, 38, 43]
Losowanie 826: [3, 24, 25, 28, 34, 36, 40]
Losowanie 827: [12, 14, 18, 26, 29, 39, 42]
Losowanie 828: [1, 5, 9, 16, 17, 19, 23]
Losowanie 829: [7, 21, 22, 24, 25, 26, 39]
Losowanie 830: [5, 11, 15, 20, 21, 35, 42]
Losowanie 831: [6, 8, 21, 25, 29, 30, 41]
Losowanie 832: [12, 15, 25, 34, 35, 38, 41]
Losowanie 833: [4, 10, 11, 14, 16, 22, 40]
Losowanie 834: [2, 12, 15, 20, 22, 34, 43]
Losowanie 835: [2, 3, 24, 26, 30, 36, 43]
Losowanie 836: [7, 8, 13, 14, 26, 35, 43]
Losowanie 837: [2, 17, 22, 24, 31, 32, 41]
Losowanie 838: [17, 23, 26, 27, 28, 31, 35]
Losowanie 839: [11, 13, 15, 22, 33, 37, 42]
Losowanie 840: [3, 18, 25, 26, 28, 31, 34]
Losowanie 841: [5, 6, 9, 13, 21, 23, 34]
Losowanie 842: [1, 11, 15, 18, 21, 29, 38]
Losowanie 843: [4, 9, 10, 17, 20, 41, 43]
Losowanie 844: [2, 7, 9, 12, 19, 39, 43]
Losowanie 845: [4, 13, 14, 17, 28, 33, 37]
Losowanie 846: [16, 24, 27, 34, 35, 38, 43]
Losowanie 847: [8, 15, 18, 19, 22, 27, 36]
Losowanie 848: [7, 9, 25, 28, 30, 39, 43]
Losowanie 849: [3, 11, 20, 29, 32, 34, 40]
Losowanie 850: [1, 4, 19, 28, 29, 37, 42]
Losowanie 851: [15, 19, 25, 29, 30, 39, 43]
Losowanie 852: [7, 19, 22, 31, 33, 37, 40]
Losowanie 853: [6, 7, 9, 12, 31, 34, 35]
Losowanie 854: [1, 6, 21, 22, 33, 34, 43]
Losowanie 855: [2, 3, 12, 13, 16, 30, 42]
Losowanie 856: [1, 3, 19, 21, 23, 26, 30]
Losowanie 857: [6, 7, 22, 28, 29, 38, 40]
Losowanie 858: [1, 2, 13, 26, 28, 38, 40]
Losowanie 859: [3, 16, 18, 20, 26, 33, 34]
Losowanie 860: [1, 21, 23, 32, 34, 36, 37]
Losowanie 861: [4, 7, 14, 26, 31, 40, 42]
Losowanie 862: [9, 11, 12, 14, 23, 25, 43]
Losowanie 863: [3, 9, 18, 19, 22, 38, 40]
Losowanie 864: [2, 7, 14, 23, 24, 26, 28]
Losowanie 865: [5, 18, 19, 20, 22, 41, 42]
Losowanie 866: [7, 11, 14, 18, 23, 29, 35]
Losowanie 867: [8, 16, 18, 22, 32, 35, 42]
Losowanie 868: [10, 23, 29, 30, 32, 35, 36]
Losowanie 869: [4, 12, 16, 21, 27, 40, 43]
Losowanie 870: [3, 9, 19, 22, 32, 37, 43]
Losowanie 871: [4, 11, 21, 26, 30, 32, 36]
Losowanie 872: [3, 12, 25, 28, 32, 34, 35]
Losowanie 873: [3, 11, 15, 20, 27, 35, 42]
Losowanie 874: [4, 6, 18, 27, 31, 38, 42]
Losowanie 875: [1, 12, 15, 22, 23, 27, 36]
Losowanie 876: [2, 3, 20, 21, 22, 32, 35]
Losowanie 877: [7, 13, 16, 26, 36, 39, 42]
Losowanie 878: [6, 7, 13, 24, 29, 34, 40]
Losowanie 879: [12, 27, 28, 29, 35, 36, 40]
Losowanie 880: [10, 15, 26, 28, 29, 38, 40]
Losowanie 881: [2, 6, 14, 19, 21, 28, 40]
Losowanie 882: [5, 7, 14, 16, 23, 26, 28]
Losowanie 883: [6, 13, 15, 21, 31, 39, 41]
Losowanie 884: [1, 12, 16, 24, 30, 37, 43]
Losowanie 885: [1, 14, 22, 24, 31, 34, 35]
Losowanie 886: [1, 4, 5, 11, 23, 24, 37]
Losowanie 887: [2, 3, 15, 16, 29, 33, 38]
Losowanie 888: [7, 15, 16, 25, 36, 37, 42]
Losowanie 889: [1, 2, 6, 12, 17, 18, 26]
Losowanie 890: [9, 16, 20, 26, 29, 30, 33]
Losowanie 891: [17, 18, 31, 36, 38, 40, 42]
Losowanie 892: [3, 12, 20, 25, 31, 33, 40]
Losowanie 893: [2, 3, 7, 21, 27, 29, 35]
Losowanie 894: [5, 12, 21, 29, 33, 36, 43]
Losowanie 895: [11, 14, 22, 30, 36, 38, 42]
Losowanie 896: [1, 28, 29, 33, 35, 37, 43]
Losowanie 897: [3, 19, 21, 25, 27, 36, 39]
Losowanie 898: [1, 11, 18, 27, 33, 41, 42]
Losowanie 899: [11, 14, 20, 27, 32, 41, 42]
Losowanie 900: [3, 4, 7, 11, 12, 36, 39]
Losowanie 901: [11, 15, 20, 28, 29, 30, 41]
Losowanie 902: [4, 14, 20, 25, 29, 36, 43]
Losowanie 903: [8, 11, 16, 35, 36, 38, 41]
Losowanie 904: [1, 2, 6, 17, 19, 23, 39]
Losowanie 905: [1, 2, 16, 22, 24, 31, 36]
Losowanie 906: [1, 7, 14, 15, 33, 38, 41]
Losowanie 907: [2, 4, 16, 19, 22, 30, 41]
Losowanie 908: [5, 17, 18, 22, 32, 33, 42]
Losowanie 909: [1, 8, 19, 24, 31, 40, 42]
Losowanie 910: [3, 4, 10, 15, 19, 27, 31]
Losowanie 911: [6, 12, 16, 28, 34, 37, 43]
Losowanie 912: [3, 4, 6, 13, 31, 33, 41]
Losowanie 913: [12, 14, 15, 19, 24, 26, 37]
Losowanie 914: [11, 17, 18, 19, 25, 29, 30]
Losowanie 915: [6, 11, 25, 27, 32, 37, 38]
Losowanie 916: [2, 18, 29, 34, 36, 37, 40]
Losowanie 917: [5, 8, 11, 12, 13, 31, 41]
Losowanie 918: [5, 11, 17, 31, 32, 36, 41]
Losowanie 919: [2, 7, 12, 18, 37, 39, 41]
Losowanie 920: [11, 18, 23, 28, 29, 31, 43]
Losowanie 921: [1, 10, 28, 30, 31, 32, 40]
Losowanie 922: [2, 6, 7, 9, 13, 16, 39]
Losowanie 923: [1, 3, 21, 31, 35, 39, 42]
Losowanie 924: [17, 20, 24, 25, 29, 31, 37]
Losowanie 925: [12, 23, 25, 29, 30, 35, 41]
Losowanie 926: [1, 3, 6, 12, 14, 38, 42]
Losowanie 927: [3, 13, 23, 25, 36, 39, 43]
Losowanie 928: [14, 18, 19, 26, 28, 38, 39]
Losowanie 929: [6, 7, 11, 17, 27, 33, 43]
Losowanie 930: [5, 6, 7, 10, 14, 19, 40]
Losowanie 931: [2, 5, 8, 13, 24, 31, 42]
Losowanie 932: [5, 20, 21, 22, 31, 36, 39]
Losowanie 933: [2, 6, 16, 19, 22, 30, 42]
Losowanie 934: [6, 7, 8, 17, 23, 28, 41]
Losowanie 935: [1, 4, 5, 19, 22, 23, 35]
Losowanie 936: [4, 7, 9, 13, 34, 36, 37]
Losowanie 937: [4, 10, 23, 27, 34, 42, 43]
Losowanie 938: [12, 19, 20, 28, 30, 32, 38]
Losowanie 939: [6, 13, 20, 22, 24, 31, 40]
Losowanie 940: [5, 22, 27, 29, 36, 38, 42]
Losowanie 941: [2, 9, 22, 25, 26, 29, 37]
Losowanie 942: [2, 7, 19, 27, 30, 31, 38]
Losowanie 943: [7, 11, 15, 33, 35, 40, 41]
Losowanie 944: [1, 5, 8, 11, 30, 38, 43]
Losowanie 945: [20, 21, 22, 31, 33, 37, 42]
Losowanie 946: [10, 12, 18, 28, 30, 31, 41]
Losowanie 947: [1, 17, 20, 31, 32, 34, 38]
Losowanie 948: [3, 5, 10, 14, 24, 26, 38]
Losowanie 949: [2, 21, 26, 29, 38, 39, 43]
Losowanie 950: [9, 11, 13, 15, 19, 28, 36]
Losowanie 951: [2, 16, 23, 24, 29, 37, 43]
Losowanie 952: [5, 30, 31, 32, 38, 39, 42]
Losowanie 953: [16, 18, 20, 24, 35, 37, 43]
Losowanie 954: [4, 12, 14, 16, 33, 38, 40]
Losowanie 955: [1, 8, 12, 15, 16, 21, 27]
Losowanie 956: [2, 4, 18, 23, 28, 30, 32]
Losowanie 957: [2, 15, 17, 24, 29, 30, 32]
Losowanie 958: [7, 12, 17, 23, 24, 26, 43]
Losowanie 959: [6, 8, 10, 15, 22, 25, 37]
Losowanie 960: [4, 7, 9, 13, 24, 26, 33]
Losowanie 961: [9, 10, 19, 27, 29, 36, 43]
Losowanie 962: [5, 11, 15, 16, 23, 30, 35]
Losowanie 963: [5, 14, 21, 29, 33, 36, 39]
Losowanie 964: [4, 8, 12, 20, 33, 36, 39]
Losowanie 965: [3, 10, 16, 23, 24, 31, 34]
Losowanie 966: [1, 6, 15, 16, 23, 25, 38]
Losowanie 967: [10, 19, 22, 23, 34, 35, 39]
Losowanie 968: [9, 17, 25, 26, 35, 40, 43]
Losowanie 969: [3, 6, 12, 25, 37, 38, 40]
Losowanie 970: [2, 10, 14, 17, 19, 26, 29]
Losowanie 971: [4, 13, 18, 21, 24, 36, 43]
Losowanie 972: [3, 6, 13, 17, 19, 28, 41]
Losowanie 973: [7, 14, 22, 25, 27, 33, 38]
Losowanie 974: [9, 11, 13, 24, 31, 32, 33]
Losowanie 975: [2, 7, 22, 28, 31, 33, 34]
Losowanie 976: [4, 5, 6, 7, 20, 31, 43]
Losowanie 977: [4, 5, 6, 14, 18, 32, 37]
Losowanie 978: [8, 15, 22, 25, 26, 39, 42]
Losowanie 979: [10, 13, 22, 30, 31, 35, 37]
Losowanie 980: [2, 5, 10, 12, 16, 32, 37]
Losowanie 981: [2, 8, 11, 12, 18, 28, 37]
Losowanie 982: [6, 13, 15, 30, 31, 34, 37]
Losowanie 983: [12, 14, 15, 24, 26, 28, 33]
Losowanie 984: [2, 3, 4, 10, 13, 14, 37]
Losowanie 985: [2, 6, 10, 15, 17, 30, 39]
Losowanie 986: [3, 14, 30, 31, 33, 36, 42]
Losowanie 987: [2, 4, 13, 14, 17, 27, 33]
Losowanie 988: [3, 12, 15, 22, 34, 38, 43]
Losowanie 989: [2, 10, 14, 16, 27, 30, 37]
Losowanie 990: [2, 5, 12, 17, 23, 35, 38]
Losowanie 991: [5, 6, 20, 22, 28, 32, 33]
Losowanie 992: [3, 4, 8, 27, 30, 31, 39]
Losowanie 993: [9, 12, 16, 18, 21, 25, 33]
Losowanie 994: [6, 8, 9, 22, 28, 34, 40]
Losowanie 995: [2, 5, 12, 25, 34, 38, 40]
Losowanie 996: [2, 4, 8, 11, 21, 36, 42]
Losowanie 997: [9, 10, 15, 16, 30, 31, 41]
Losowanie 998: [8, 9, 13, 15, 19, 21, 23]
Losowanie 999: [10, 12, 20, 21, 24, 30, 36]
Losowanie 1000: [1, 2, 18, 22, 23, 35, 36]
